a = [1 0 0.035; 0 1 0; -0.035 0 1];
b = [0.999 0.047 0; -0.047 0.999 0; 0 0 1];
c = [1 0 0; 0 0.999 -0.042; 0 0.042 0.999];
f1= [-2.04;3.10;74.34];
f3=[109.36;5.17;4.61];
t1 = [41.02;57;77.48];
t1 = [41.02;57;77.48];
t2 = [76.62;57;56.7];
t3 = [110.1;57;77.78];
a*b*c*t3;
path
