m1 = [449.523684210526,440.484210526316;
    447.623145400593,739.287833827893;
    891.915829145729,737.802763819096];
m2 = [435.595984943538,444.895859473024;
    437.614361702128,760.045212765957;
    902.865671641791,755.537313432836];
m3 = [431.067331670823,427.581047381546;
    428.656292286874,752.806495263870;
    913.092324805339,751.219132369299];
m4 = [417.983940042827,422.226980728051;
    417.154491017964,764.713772455090;
    926.591992373689,760.070543374643];
m5 = [408.244131455399,412.337089201878;
    404.810140237325,769.409924487594;
    938.053886925795,765.880742049470];
a = m3(3,1)-m3(2,1);
b = m5(3,1)-m5(2,1);
%a = ((m1(3,1) - m1(1,1))^2 + (m1(3,2) - m1(1,2))^2)^0.5;
%b = ((m3(3,1) - m3(1,1))^2 + (m3(3,2) - m3(1,2))^2)^0.5;
c = m3(2,2)-m3(1,2);
d = m5(2,2)-m5(1,2);
l = 15.0;
z = l/(b/a - 1);
%z = l/(1-a/b);
zz = l/(1-c/d);
z
