m1 = [120.684614512654,	199.426534288739;
121.173412701975,	118.767986314561;
240.477363238390,	198.944990473942];
m1(3,1)